Plant_genotype	Community	Pot_replicate	Harvest_date	Person	Plant_num	Flowering_num	Seeding_num	Leaf_Color	Nod_num	Plants_harvested	Nod_Num_white	Nod_weight_g	Veg_dryweight_g	Root_dryweight_g	Small_Nod_Num	Small_Nod_wieght	Med_Nod_Num	Med_Nod_wieght	Large_Nod_Num	Large_Nod_wieght
A17	C68	7	4/2/18	BE	12	12	9	G	449	6	40	0.357	9.136	5.924	140	0.02	140	0.078	140	0.149
A17	C68	8	4/2/18	BE	11	9	6	DG	428	4	45	0.337	7.003	7.136	135	0.018	135	0.065	135	0.125
A17	C68	9	4/2/18	LTB	11	10	9	G	515	6	0	0.447	8.053	7.11	150	0.008	206	0.1	150	0.146
A17	C68	10	4/2/18	MH	8	3	0	DG	813	4	0	0.412	6.749	3.075	200	0.0118	400	0.103	200	0.122
A17	C68	11	4/2/18	LTB	7	7	7	G	450	4	0	0.795	6.948	8.094	150	0.036	150	0.166	150	0.28
A17	C68	12	4/2/18	DIT	11	11	11	G	444	6	22	0.385	9.504	4.733	150	0.038	126	0.064	150	0.16
R108	C68	7	4/2/18	MH	10	10	10	LG	290	10	0	1.113	8.374	2.003	120	0.045	120	0.233	50	0.427
R108	C68	8	4/2/18	BE	10	10	10	LG	222	10	11		9.051	5.519	86	0.09	86	0.222	50	0.533
R108	C68	9	4/2/18	MH	9	9	9	LG	126	9	0	0.801	8.033	2.534	43	0.038	43	0.127	40	0.406
R108	C68	10	4/2/18	DIT	11	11	11	G	257	11	12	1.446	9.122	2.848	100	0.088	100	0.289	50	0.476
R108	C68	11	4/2/18	DIT	10	10	10	G	170	10	0	0.993	9.67	1.658	60	0.027	60	0.104	50	0.434
R108	C68	12	4/2/18	MH	9	9	9	G	162	9	0	0.824	7.754	2.547	56	0.041	56	0.077	50	0.453